%YAML:1.0
---
camera_matrix: !!opencv-matrix
   rows: 3
   cols: 3
   dt: d
   data: [ 2.7484500570450255e+03, 0., 3.0391334510469977e+02, 0.,
       1.2218837843030142e+03, 2.8529025112233245e+02, 0., 0., 1. ]
dist_coeff: !!opencv-matrix
   rows: 1
   cols: 5
   dt: d
   data: [ -3.7124112634325573e-01, 3.5934951060327819e+01,
       4.9939923639299122e-01, 3.6074202226986124e-02,
       -1.6921076692087038e+02 ]
