%YAML:1.0
---
camera_matrix: !!opencv-matrix
   rows: 3
   cols: 3
   dt: d
   data: [ 5.3056286139388271e+02, 0., 640, 0.,
       5.4078105552029069e+02, 360, 0., 0., 1. ]
dist_coeff: !!opencv-matrix
   rows: 1
   cols: 5
   dt: d
   data: [ 1.0776936782086934e+00, -3.0943308900397768e+00,
       2.8548442856634527e-02, 5.6194055495202615e-02,
       3.3301192908663362e+00 ]
